0000000: 00000000 00000000 00000101 01001100 01101111 01110010  ...Lor
0000006: 01100101 01101101 00000000 00000000 00000001 00100000  em... 
000000c: 00000000 00000000 00000101 01101001 01110000 01110011  ...ips
0000012: 01110101 01101101 00000010 00000000 00000000 00000000  um....
0000018: 00000101 01100100 01101111 01101100 01101111 01110010  .dolor
000001e: 00000001 00000000 00000000 00000000 00000011 01110011  .....s
0000024: 01101001 01110100 00000001 00000000 00000000 00000000  it....
000002a: 00000100 01100001 01101101 01100101 01110100 00000000  .amet.
0000030: 00000000 00000010 00101100 00100000 00000000 00000000  .., ..
0000036: 00001011 01100011 01101111 01101110 01110011 01100101  .conse
000003c: 01100011 01110100 01100101 01110100 01110101 01110010  ctetur
0000042: 00000001 00000000 00000000 00000000 00001011 01100001  .....a
0000048: 01100100 01101001 01110000 01101001 01110011 01101001  dipisi
000004e: 01100011 01101001 01101110 01100111 00000001 00000000  cing..
0000054: 00000000 00000000 00000100 01100101 01101100 01101001  ...eli
000005a: 01110100 00000111 00000000 00000000 00000000 00000011  t.....
0000060: 01110011 01100101 01100100 00000010 00000000 00000000  sed...
0000066: 00000000 00000010 01100100 01101111 00000001 00000000  ..do..
000006c: 00000000 00000000 00000111 01100101 01101001 01110101  ...eiu
0000072: 01110011 01101101 01101111 01100100 00000000 00000000  smod..
0000078: 00000001 00001010 00000000 00000000 00000110 01110100  .....t
000007e: 01100101 01101101 01110000 01101111 01110010 00000001  empor.
0000084: 00000000 00000000 00000000 00001010 01101001 01101110  ....in
000008a: 01100011 01101001 01100100 01101001 01100100 01110101  cididu
0000090: 01101110 01110100 00000001 00000000 00000000 00000000  nt....
0000096: 00000010 01110101 01110100 00000001 00000000 00000000  .ut...
000009c: 00000000 00000110 01101100 01100001 01100010 01101111  ..labo
00000a2: 01110010 01100101 00000001 00000000 00000000 00000000  re....
00000a8: 00000010 01100101 01110100 00000001 00000000 00000000  .et...
00000ae: 00000000 00000110 01100100 01101111 01101100 01101111  ..dolo
00000b4: 01110010 01100101 00000001 00000000 00000000 00000000  re....
00000ba: 00000101 01101101 01100001 01100111 01101110 01100001  .magna
00000c0: 00000001 00000000 00000000 00000000 00000110 01100001  .....a
00000c6: 01101100 01101001 01110001 01110101 01100001 00000000  liqua.
00000cc: 00000000 00000010 00101110 00100000 00000000 00000000  ... ..
00000d2: 00000010 01010101 01110100 00000001 00000000 00000000  .Ut...
00000d8: 00000000 00000100 01100101 01101110 01101001 01101101  ..enim
00000de: 00000001 00000000 00000000 00000000 00000010 01100001  .....a
00000e4: 01100100 00000001 00000000 00000000 00000000 00000101  d.....
00000ea: 01101101 01101001 01101110 01101001 01101101 00000001  minim.
00000f0: 00000000 00000000 00000000 00000110 01110110 01100101  ....ve
00000f6: 01101110 01101001 01100001 01101101 00000000 00000000  niam..
00000fc: 00000010 00101100 00001010 00000000 00000000 00000100  .,....
0000102: 01110001 01110101 01101001 01110011 00000001 00000000  quis..
0000108: 00000000 00000000 00000111 01101110 01101111 01110011  ...nos
000010e: 01110100 01110010 01110101 01100100 00000001 00000000  trud..
0000114: 00000000 00000000 00001100 01100101 01111000 01100101  ...exe
000011a: 01110010 01100011 01101001 01110100 01100001 01110100  rcitat
0000120: 01101001 01101111 01101110 00000001 00000000 00000000  ion...
0000126: 00000000 00000111 01110101 01101100 01101100 01100001  ..ulla
000012c: 01101101 01100011 01101111 00000001 00000000 00000000  mco...
0000132: 00000000 00000111 01101100 01100001 01100010 01101111  ..labo
0000138: 01110010 01101001 01110011 00000001 00000000 00000000  ris...
000013e: 00000000 00000100 01101110 01101001 01110011 01101001  ..nisi
0000144: 00000001 00000000 00010001 00000000 00000010 00000000  ......
000014a: 00000000 00000000 00000111 01100001 01101100 01101001  ...ali
0000150: 01110001 01110101 01101001 01110000 00000001 00000000  quip..
0000156: 00000000 00000000 00000010 01100101 01111000 00000001  ...ex.
000015c: 00000000 00000000 00000000 00000010 01100101 01100001  ....ea
0000162: 00000001 00000000 00000000 00000000 00000111 01100011  .....c
0000168: 01101111 01101101 01101101 01101111 01100100 01101111  ommodo
000016e: 00001111 00000000 00000000 00000000 00001001 01100011  .....c
0000174: 01101111 01101110 01110011 01100101 01110001 01110101  onsequ
000017a: 01100001 01110100 00010111 00000000 00000000 00000000  at....
0000180: 00000100 01000100 01110101 01101001 01110011 00000011  .Duis.
0000186: 00000000 00000000 00000000 00000100 01100001 01110101  ....au
000018c: 01110100 01100101 00000001 00000000 00000000 00000000  te....
0000192: 00000101 01101001 01110010 01110101 01110010 01100101  .irure
0000198: 00000001 00000000 00001000 00000000 00000010 00000000  ......
000019e: 00000000 00000000 00000010 01101001 01101110 00000001  ...in.
00001a4: 00000000 00000000 00000000 00001101 01110010 01100101  ....re
00001aa: 01110000 01110010 01100101 01101000 01100101 01101110  prehen
00001b0: 01100100 01100101 01110010 01101001 01110100 00000001  derit.
00001b6: 00000000 00101100 00000000 00000010 00000000 00000000  .,....
00001bc: 00000000 00001001 01110110 01101111 01101100 01110101  ..volu
00001c2: 01110000 01110100 01100001 01110100 01100101 00000001  ptate.
00001c8: 00000000 00000000 00000000 00000101 01110110 01100101  ....ve
00001ce: 01101100 01101001 01110100 00000001 00000000 00000000  lit...
00001d4: 00000000 00000100 01100101 01110011 01110011 01100101  ..esse
00001da: 00000101 00000000 00000000 00000000 00000110 01100011  .....c
00001e0: 01101001 01101100 01101100 01110101 01101101 00000010  illum.
00001e6: 00000000 00010110 00000000 00000010 00000000 00000000  ......
00001ec: 00000000 00000010 01100101 01110101 00000001 00000000  ..eu..
00001f2: 00000000 00000000 00000110 01100110 01110101 01100111  ...fug
00001f8: 01101001 01100001 01110100 00000001 00000000 00000000  iat...
00001fe: 00000000 00000101 01101110 01110101 01101100 01101100  ..null
0000204: 01100001 00000001 00000000 00000000 00000000 00001000  a.....
000020a: 01110000 01100001 01110010 01101001 01100001 01110100  pariat
0000210: 01110101 01110010 00000110 00000000 00000000 00000000  ur....
0000216: 00001001 01000101 01111000 01100011 01100101 01110000  .Excep
000021c: 01110100 01100101 01110101 01110010 00000010 00000000  teur..
0000222: 00000000 00000000 00000100 01110011 01101001 01101110  ...sin
0000228: 01110100 00000001 00000000 00000000 00000000 00001000  t.....
000022e: 01101111 01100011 01100011 01100001 01100101 01100011  occaec
0000234: 01100001 01110100 00000001 00000000 00000000 00000000  at....
000023a: 00001001 01100011 01110101 01110000 01101001 01100100  .cupid
0000240: 01100001 01110100 01100001 01110100 00000001 00000000  atat..
0000246: 00000000 00000000 00000011 01101110 01101111 01101110  ...non
000024c: 00000100 00000000 00000000 00000000 00001000 01110000  .....p
0000252: 01110010 01101111 01101001 01100100 01100101 01101110  roiden
0000258: 01110100 00001000 00000000 00000000 00000000 00000100  t.....
000025e: 01110011 01110101 01101110 01110100 00000011 00000000  sunt..
0000264: 00000110 00000000 00000010 00000000 00000000 00000000  ......
000026a: 00000101 01100011 01110101 01101100 01110000 01100001  .culpa
0000270: 00000001 00000000 00000000 00000000 00000011 01110001  .....q
0000276: 01110101 01101001 00000001 00000000 00000000 00000000  ui....
000027c: 00000111 01101111 01100110 01100110 01101001 01100011  .offic
0000282: 01101001 01100001 00000001 00000000 00000000 00000000  ia....
0000288: 00001000 01100100 01100101 01110011 01100101 01110010  .deser
000028e: 01110101 01101110 01110100 00000001 00000000 00000000  unt...
0000294: 00000000 00000110 01101101 01101111 01101100 01101100  ..moll
000029a: 01101001 01110100 00000001 00000000 00000000 00000000  it....
00002a0: 00000100 01100001 01101110 01101001 01101101 00000001  .anim.
00002a6: 00000000 00000000 00000000 00000010 01101001 01100100  ....id
00002ac: 00000001 00000000 00000000 00000000 00000011 01100101  .....e
00002b2: 01110011 01110100 00000001 00000000 00000000 00000000  st....
00002b8: 00000111 01101100 01100001 01100010 01101111 01110010  .labor
00002be: 01110101 01101101 00000000 00000000 00000011 00101110  um....
00002c4: 00001010 00001010 00001001 00000000 00000010 00000000  ......
00002ca: 00001010 00000000 00000010 00000000 00001001 00000000  ......
00002d0: 00000010 00000000 00001011 00000000 00000010 00000000  ......
00002d6: 00001100 00000000 00001000 00000000 00001101 00000000  ......
00002dc: 00000100 00000000 00001110 00000000 00000010 00000000  ......
00002e2: 00001111 00000000 00000101 00000000 00010000 00000000  ......
00002e8: 00000100 00000000 00010001 00000000 00000010 00000000  ......
00002ee: 00010010 00000000 00001111 00000000 00010011 00000000  ......
00002f4: 00000100 00000000 00010100 00000000 00000010 00000000  ......
00002fa: 00010100 00000000 00000010 00000000 00010101 00000000  ......
0000300: 00000010 00000000 00010110 00000000 00000010 00000000  ......
0000306: 00010110 00000000 00000010 00000000 00010111 00000000  ......
000030c: 00000010 00000000 00011000 00000000 00011000 00000000  ......
0000312: 00011001 00000000 00000100 00000000 00011010 00000000  ......
0000318: 00000010 00000000 00011011 00000000 00000010 00000000  ......
000031e: 00011100 00000000 00000010 00000000 00011101 00000000  ......
0000324: 00011110 00000000 00011111 00000000 00000100 00000000  ......
000032a: 00100000 00000000 00000010 00000000 00100001 00000000   ...!.
0000330: 00000010 00000000 00100010 00000000 00000010 00000000  .."...
0000336: 00100011 00000000 00000010 00000000 00100100 00000000  #...$.
000033c: 00000010 00000000 00010100 00000000 00000010 00000000  ......
0000342: 00100101 00000000 00000010 00000000 00100110 00000000  %...&.
0000348: 00000010 00000000 00100111 00000000 00000010 00000000  ..'...
000034e: 00101000 00000000 00011011 00000000 00101001 00000000  (...).
0000354: 00010101 00000000 00101010 00000000 00000110 00000000  ..*...
000035a: 00101011 00000000 00000010 00000000 00101100 00000000  +...,.
0000360: 00000010 00000000 00101001 00000000 00000010 00000000  ..)...
0000366: 00101100 00000000 00000010 00000000 00101101 00000000  ,...-.
000036c: 00000010 00000000 00000011 00000000 00000010 00000000  ......
0000372: 00101110 00000000 00000010 00000000 00101111 00000000  ..../.
0000378: 00000010 00000000 00110000 00000000 00001101 00000000  ..0...
000037e: 00110001 00000000 00000100 00000000 00100010 00000000  1...".
0000384: 00000010 00000000 00110010 00000000 00000010 00000000  ..2...
000038a: 00110011 00000000 00000010 00000000 00110100 00000000  3...4.
0000390: 00000010 00000000 00110101 00000000 00010010 00000000  ..5...
0000396: 00110110 00000000 00000100 00000000 00110111 00000000  6...7.
000039c: 00000010 00000000 00111000 00000000 00000010 00000000  ..8...
00003a2: 00111001 00000000 00000010 00000000 00111010 00000000  9...:.
00003a8: 00001110 00000000 00111011 00000000 00110100 00000000  ..;.4.
00003ae: 00111100 00000000 00000110 00000000 00010101 00000000  <.....
00003b4: 00000010 00000000 00111101 00000000 00000010 00000000  ..=...
00003ba: 00111110 00000000 00000010 00000000 00111111 00000000  >...?.
00003c0: 00000010 00000000 01000000 00000000 00000010 00000000  ..@...
00003c6: 01000001 00000000 00000010 00000000 01000010 00000000  A...B.
00003cc: 00000010 00000000 01000011 00000000 00000010 00000000  ..C...
00003d2: 01000100 00000000 00000010 00000000 01000101 00000000  D...E.
00003d8: 00000000 00000000 00000001 00101110                    ....
